# * PROBETEST * 
#
# file generated by ** cup.H ** 
#
# PARAMETERS: 
# G = 0.155143
# ome = 2.8122 eV
# Esat = 0.310942
# a drude model was used for silver
# ------------- 
# t (ps)      E0      E0/Esat       Dipmax
#
  11.9347 	3.10942e-16  	1e-15        	0.0253003    
  11.9035 	3.33227e-16  	1.07167e-15  	0.0253003    
  11.8723 	3.57108e-16  	1.14847e-15  	0.0253003    
  11.8411 	3.82701e-16  	1.23078e-15  	0.0253003    
  11.8099 	4.10129e-16  	1.31899e-15  	0.0253003    
  11.7787 	4.39522e-16  	1.41352e-15  	0.0253003    
  11.7475 	4.71021e-16  	1.51482e-15  	0.0253003    
  11.7163 	5.04778e-16  	1.62338e-15  	0.0253003    
  11.6851 	5.40954e-16  	1.73973e-15  	0.0253003    
  11.6538 	5.79723e-16  	1.86441e-15  	0.0253003    
  11.6226 	6.21271e-16  	1.99803e-15  	0.0253003    
  11.5914 	6.65796e-16  	2.14122e-15  	0.0253003    
  11.5603 	7.13512e-16  	2.29468e-15  	0.0253003    
  11.5291 	7.64647e-16  	2.45913e-15  	0.0253003    
  11.4979 	8.19448e-16  	2.63537e-15  	0.0253003    
  11.4667 	8.78176e-16  	2.82424e-15  	0.0253003    
  11.4355 	9.41112e-16  	3.02665e-15  	0.0253003    
  11.4042 	1.00856e-15  	3.24356e-15  	0.0253003    
  11.373  	1.08084e-15  	3.47602e-15  	0.0253003    
  11.3418 	1.1583e-15   	3.72513e-15  	0.0253003    
  11.3106 	1.24131e-15  	3.99209e-15  	0.0253003    
  11.2794 	1.33028e-15  	4.27822e-15  	0.0253003    
  11.2482 	1.42561e-15  	4.58481e-15  	0.0253003    
  11.217  	1.52779e-15  	4.91342e-15  	0.0253003    
  11.1858 	1.63728e-15  	5.26555e-15  	0.0253003    
  11.1546 	1.75462e-15  	5.64292e-15  	0.0253003    
  11.1234 	1.88037e-15  	6.04733e-15  	0.0253003    
  11.0922 	2.01513e-15  	6.48072e-15  	0.0253003    
  11.061  	2.15955e-15  	6.94518e-15  	0.0253003    
  11.0298 	2.31432e-15  	7.44293e-15  	0.0253003    
  10.9986 	2.48018e-15  	7.97634e-15  	0.0253003    
  10.9674 	2.65793e-15  	8.54799e-15  	0.0253003    
  10.9361 	2.84842e-15  	9.16061e-15  	0.0253003    
  10.9049 	3.05256e-15  	9.81713e-15  	0.0253003    
  10.8737 	3.27132e-15  	1.05207e-14  	0.0253003    
  10.8425 	3.50577e-15  	1.12747e-14  	0.0253003    
  10.8113 	3.75702e-15  	1.20827e-14  	0.0253003    
  10.7801 	4.02628e-15  	1.29486e-14  	0.0253003    
  10.7489 	4.31483e-15  	1.38766e-14  	0.0253003    
  10.7177 	4.62407e-15  	1.48712e-14  	0.0253003    
  10.6865 	4.95546e-15  	1.59369e-14  	0.0253003    
  10.6553 	5.31061e-15  	1.70791e-14  	0.0253003    
  10.6241 	5.69121e-15  	1.83031e-14  	0.0253003    
  10.5929 	6.09909e-15  	1.96149e-14  	0.0253003    
  10.5617 	6.53619e-15  	2.10206e-14  	0.0253003    
  10.5305 	7.00463e-15  	2.25271e-14  	0.0253003    
  10.4993 	7.50663e-15  	2.41416e-14  	0.0253003    
  10.4681 	8.04461e-15  	2.58717e-14  	0.0253003    
  10.4368 	8.62115e-15  	2.77259e-14  	0.0253003    
  10.4056 	9.23901e-15  	2.9713e-14   	0.0253003    
  10.3744 	9.90115e-15  	3.18424e-14  	0.0253003    
  10.3432 	1.06107e-14  	3.41244e-14  	0.0253003    
  10.312  	1.13712e-14  	3.65702e-14  	0.0253003    
  10.2809 	1.21861e-14  	3.91909e-14  	0.0253003    
  10.2497 	1.30595e-14  	4.19998e-14  	0.0253003    
  10.2185 	1.39954e-14  	4.50097e-14  	0.0253003    
  10.1872 	1.49984e-14  	4.82353e-14  	0.0253003    
  10.156  	1.60733e-14  	5.16923e-14  	0.0253003    
  10.1248 	1.72253e-14  	5.53971e-14  	0.0253003    
  10.0936 	1.84598e-14  	5.93673e-14  	0.0253003    
  10.0624 	1.97828e-14  	6.36221e-14  	0.0253003    
  10.0312 	2.12005e-14  	6.81815e-14  	0.0253003    
  10      	2.27199e-14  	7.30679e-14  	0.0253003    
  9.96882 	2.43482e-14  	7.83046e-14  	0.0253003    
  9.93755 	2.60932e-14  	8.39166e-14  	0.0253003    
  9.90636 	2.79632e-14  	8.99306e-14  	0.0253003    
  9.87516 	2.99673e-14  	9.63758e-14  	0.0253003    
  9.84396 	3.2115e-14   	1.03283e-13  	0.0253003    
  9.81277 	3.44166e-14  	1.10685e-13  	0.0253003    
  9.78157 	3.68831e-14  	1.18617e-13  	0.0253003    
  9.75037 	3.95265e-14  	1.27119e-13  	0.0253003    
  9.71918 	4.23592e-14  	1.36229e-13  	0.0253003    
  9.68791 	4.5395e-14   	1.45992e-13  	0.0253003    
  9.65672 	4.86484e-14  	1.56455e-13  	0.0253003    
  9.62552 	5.21349e-14  	1.67668e-13  	0.0253003    
  9.59432 	5.58713e-14  	1.79684e-13  	0.0253003    
  9.56313 	5.98754e-14  	1.92561e-13  	0.0253003    
  9.53193 	6.41666e-14  	2.06362e-13  	0.0253003    
  9.50073 	6.87652e-14  	2.21151e-13  	0.0253003    
  9.46947 	7.36935e-14  	2.37001e-13  	0.0253003    
  9.43827 	7.89749e-14  	2.53986e-13  	0.0253003    
  9.40708 	8.46349e-14  	2.72189e-13  	0.0253003    
  9.37588 	9.07004e-14  	2.91695e-13  	0.0253003    
  9.34468 	9.72007e-14  	3.12601e-13  	0.0253003    
  9.31349 	1.04167e-13  	3.35004e-13  	0.0253003    
  9.28229 	1.11632e-13  	3.59012e-13  	0.0253003    
  9.25109 	1.19633e-13  	3.84744e-13  	0.0253003    
  9.21983 	1.28206e-13  	4.12315e-13  	0.0253003    
  9.18863 	1.37395e-13  	4.41867e-13  	0.0253003    
  9.15744 	1.47242e-13  	4.73535e-13  	0.0253003    
  9.12624 	1.57794e-13  	5.07471e-13  	0.0253003    
  9.09504 	1.69103e-13  	5.43841e-13  	0.0253003    
  9.06385 	1.81222e-13  	5.82816e-13  	0.0253003    
  9.03265 	1.9421e-13   	6.24586e-13  	0.0253003    
  9.00145 	2.08128e-13  	6.69346e-13  	0.0253003    
  8.97019 	2.23044e-13  	7.17317e-13  	0.0253003    
  8.93899 	2.39029e-13  	7.68725e-13  	0.0253003    
  8.9078  	2.5616e-13   	8.23819e-13  	0.0253003    
  8.8766  	2.74518e-13  	8.82859e-13  	0.0253003    
  8.8454  	2.94192e-13  	9.46131e-13  	0.0253003    
  8.81421 	3.15276e-13  	1.01394e-12  	0.0253003    
  8.78301 	3.37872e-13  	1.08661e-12  	0.0253003    
  8.75181 	3.62086e-13  	1.16448e-12  	0.0253003    
  8.72055 	3.88036e-13  	1.24794e-12  	0.0253003    
  8.68935 	4.15846e-13  	1.33737e-12  	0.0253003    
  8.65815 	4.45648e-13  	1.43322e-12  	0.0253003    
  8.62696 	4.77587e-13  	1.53594e-12  	0.0253003    
  8.59576 	5.11814e-13  	1.64601e-12  	0.0253003    
  8.56457 	5.48495e-13  	1.76398e-12  	0.0253003    
  8.53337 	5.87804e-13  	1.8904e-12   	0.0253003    
  8.5021  	6.29931e-13  	2.02588e-12  	0.0253003    
  8.47091 	6.75076e-13  	2.17107e-12  	0.0253003    
  8.43971 	7.23457e-13  	2.32666e-12  	0.0253003    
  8.40851 	7.75306e-13  	2.49341e-12  	0.0253003    
  8.37732 	8.3087e-13   	2.67211e-12  	0.0253003    
  8.34612 	8.90417e-13  	2.86361e-12  	0.0253003    
  8.31492 	9.54231e-13  	3.06884e-12  	0.0253003    
  8.28373 	1.02262e-12  	3.28878e-12  	0.0253003    
  8.25246 	1.09591e-12  	3.52448e-12  	0.0253003    
  8.22127 	1.17445e-12  	3.77707e-12  	0.0253003    
  8.19007 	1.25862e-12  	4.04776e-12  	0.0253003    
  8.15887 	1.34882e-12  	4.33785e-12  	0.0253003    
  8.12768 	1.44549e-12  	4.64874e-12  	0.0253003    
  8.09648 	1.54908e-12  	4.98189e-12  	0.0253003    
  8.06528 	1.6601e-12   	5.33894e-12  	0.0253003    
  8.03409 	1.77908e-12  	5.72158e-12  	0.0253003    
  8.00282 	1.90658e-12  	6.13162e-12  	0.0253003    
  7.97163 	2.04322e-12  	6.57106e-12  	0.0253003    
  7.94043 	2.18965e-12  	7.04199e-12  	0.0253003    
  7.90923 	2.34658e-12  	7.54668e-12  	0.0253003    
  7.87804 	2.51475e-12  	8.08752e-12  	0.0253003    
  7.84684 	2.69498e-12  	8.66714e-12  	0.0253003    
  7.81564 	2.88812e-12  	9.28829e-12  	0.0253003    
  7.78445 	3.09511e-12  	9.95398e-12  	0.0253003    
  7.75318 	3.31692e-12  	1.06673e-11  	0.0253003    
  7.72199 	3.55464e-12  	1.14318e-11  	0.0253003    
  7.69079 	3.80939e-12  	1.22511e-11  	0.0253003    
  7.65959 	4.0824e-12   	1.31291e-11  	0.0253003    
  7.6284  	4.37498e-12  	1.40701e-11  	0.0253003    
  7.5972  	4.68853e-12  	1.50785e-11  	0.0253003    
  7.566   	5.02454e-12  	1.61591e-11  	0.0253003    
  7.53481 	5.38464e-12  	1.73172e-11  	0.0253003    
  7.50354 	5.77054e-12  	1.85582e-11  	0.0253003    
  7.47235 	6.1841e-12   	1.98883e-11  	0.0253003    
  7.44115 	6.6273e-12   	2.13136e-11  	0.0253003    
  7.40995 	7.10227e-12  	2.28411e-11  	0.0253003    
  7.37876 	7.61127e-12  	2.44781e-11  	0.0253003    
  7.34756 	8.15675e-12  	2.62324e-11  	0.0253003    
  7.31636 	8.74133e-12  	2.81124e-11  	0.0253003    
  7.2851  	9.3678e-12   	3.01272e-11  	0.0253003    
  7.2539  	1.00392e-11  	3.22864e-11  	0.0253003    
  7.22271 	1.07586e-11  	3.46e-11     	0.0253003    
  7.19151 	1.15297e-11  	3.70799e-11  	0.0253003    
  7.16031 	1.2356e-11   	3.97373e-11  	0.0253003    
  7.12912 	1.32415e-11  	4.25851e-11  	0.0253003    
  7.09792 	1.41905e-11  	4.56371e-11  	0.0253003    
  7.06672 	1.52075e-11  	4.89078e-11  	0.0253003    
  7.03546 	1.62974e-11  	5.2413e-11   	0.0253003    
  7.00426 	1.74654e-11  	5.61693e-11  	0.0253003    
  6.97306 	1.87171e-11  	6.01948e-11  	0.0253003    
  6.94187 	2.00585e-11  	6.45088e-11  	0.0253003    
  6.91067 	2.14961e-11  	6.91322e-11  	0.0253003    
  6.87948 	2.30366e-11  	7.40865e-11  	0.0253003    
  6.84828 	2.46876e-11  	7.93961e-11  	0.0253003    
  6.81708 	2.64569e-11  	8.50863e-11  	0.0253003    
  6.78582 	2.8353e-11   	9.11842e-11  	0.0253003    
  6.75462 	3.0385e-11   	9.77192e-11  	0.0253003    
  6.72342 	3.25626e-11  	1.04722e-10  	0.0253003    
  6.69223 	3.48963e-11  	1.12228e-10  	0.0253003    
  6.66103 	3.73973e-11  	1.20271e-10  	0.0253003    
  6.62983 	4.00774e-11  	1.2889e-10   	0.0253003    
  6.59864 	4.29497e-11  	1.38128e-10  	0.0253003    
  6.56744 	4.60278e-11  	1.48027e-10  	0.0253003    
  6.53618 	4.93265e-11  	1.58636e-10  	0.0253003    
  6.50498 	5.28616e-11  	1.70005e-10  	0.0253003    
  6.47378 	5.66501e-11  	1.82189e-10  	0.0253003    
  6.44259 	6.07101e-11  	1.95246e-10  	0.0253003    
  6.41139 	6.5061e-11   	2.09238e-10  	0.0253003    
  6.38019 	6.97238e-11  	2.24234e-10  	0.0253003    
  6.349   	7.47207e-11  	2.40304e-10  	0.0253003    
  6.31773 	8.00758e-11  	2.57526e-10  	0.0253003    
  6.28654 	8.58146e-11  	2.75983e-10  	0.0253003    
  6.25534 	9.19648e-11  	2.95762e-10  	0.0253003    
  6.22414 	9.85557e-11  	3.16958e-10  	0.0253003    
  6.19295 	1.05619e-10  	3.39674e-10  	0.0253003    
  6.16175 	1.13188e-10  	3.64016e-10  	0.0253003    
  6.13055 	1.213e-10    	3.90105e-10  	0.0253004    
  6.09936 	1.29994e-10  	4.18065e-10  	0.0253004    
  6.06816 	1.3931e-10   	4.48026e-10  	0.0253004    
  6.0369  	1.49294e-10  	4.80134e-10  	0.0253004    
  6.0057  	1.59994e-10  	5.14546e-10  	0.0253004    
  5.9745  	1.7146e-10   	5.51421e-10  	0.0253004    
  5.94331 	1.83748e-10  	5.9094e-10   	0.0253004    
  5.91211 	1.96917e-10  	6.33292e-10  	0.0253004    
  5.88091 	2.11029e-10  	6.78676e-10  	0.0253004    
  5.84972 	2.26153e-10  	7.27315e-10  	0.0253004    
  5.81845 	2.42361e-10  	7.79441e-10  	0.0253004    
  5.78726 	2.59731e-10  	8.35303e-10  	0.0253004    
  5.75606 	2.78345e-10  	8.95167e-10  	0.0253004    
  5.72486 	2.98293e-10  	9.5932e-10   	0.0253004    
  5.69367 	3.19671e-10  	1.02807e-09  	0.0253004    
  5.66247 	3.42581e-10  	1.10175e-09  	0.0253004    
  5.63127 	3.67133e-10  	1.18071e-09  	0.0253004    
  5.60001 	3.93445e-10  	1.26533e-09  	0.0253004    
  5.56881 	4.21642e-10  	1.35601e-09  	0.0253004    
  5.53762 	4.5186e-10   	1.4532e-09   	0.0253004    
  5.50642 	4.84244e-10  	1.55734e-09  	0.0253005    
  5.47522 	5.18949e-10  	1.66896e-09  	0.0253005    
  5.44403 	5.56141e-10  	1.78857e-09  	0.0253005    
  5.41283 	5.95998e-10  	1.91675e-09  	0.0253005    
  5.38163 	6.38712e-10  	2.05412e-09  	0.0253005    
  5.35037 	6.84487e-10  	2.20133e-09  	0.0253005    
  5.31917 	7.33542e-10  	2.3591e-09   	0.0253005    
  5.28797 	7.86113e-10  	2.52817e-09  	0.0253005    
  5.25678 	8.42452e-10  	2.70935e-09  	0.0253006    
  5.22558 	9.02829e-10  	2.90353e-09  	0.0253006    
  5.19439 	9.67532e-10  	3.11161e-09  	0.0253006    
  5.16319 	1.03687e-09  	3.33461e-09  	0.0253006    
  5.13192 	1.11118e-09  	3.57359e-09  	0.0253006    
  5.10073 	1.19082e-09  	3.82972e-09  	0.0253007    
  5.06953 	1.27616e-09  	4.10417e-09  	0.0253007    
  5.03833 	1.36762e-09  	4.39831e-09  	0.0253007    
  5.00714 	1.46564e-09  	4.71355e-09  	0.0253007    
  4.97594 	1.57068e-09  	5.05136e-09  	0.0253008    
  4.94475 	1.68324e-09  	5.41335e-09  	0.0253008    
  4.91348 	1.80388e-09  	5.80134e-09  	0.0253008    
  4.88228 	1.93316e-09  	6.21711e-09  	0.0253009    
  4.85109 	2.0717e-09   	6.66266e-09  	0.0253009    
  4.81989 	2.22017e-09  	7.14014e-09  	0.025301     
  4.78869 	2.37929e-09  	7.65187e-09  	0.025301     
  4.7575  	2.54981e-09  	8.20027e-09  	0.0253011    
  4.7263  	2.73254e-09  	8.78794e-09  	0.0253011    
  4.6951  	2.92838e-09  	9.41777e-09  	0.0253012    
  4.66384 	3.13825e-09  	1.00927e-08  	0.0253012    
  4.63264 	3.36316e-09  	1.0816e-08   	0.0253013    
  4.60145 	3.60419e-09  	1.15912e-08  	0.0253014    
  4.57025 	3.86249e-09  	1.24219e-08  	0.0253015    
  4.53905 	4.13931e-09  	1.33122e-08  	0.0253015    
  4.50786 	4.43597e-09  	1.42662e-08  	0.0253016    
  4.47659 	4.75388e-09  	1.52886e-08  	0.0253017    
  4.4454  	5.09458e-09  	1.63843e-08  	0.0253018    
  4.4142  	5.4597e-09   	1.75586e-08  	0.0253019    
  4.383   	5.85098e-09  	1.88169e-08  	0.025302     
  4.35181 	6.27031e-09  	2.01655e-08  	0.0253022    
  4.32061 	6.71968e-09  	2.16107e-08  	0.0253023    
  4.28934 	7.20127e-09  	2.31595e-08  	0.0253024    
  4.25815 	7.71737e-09  	2.48193e-08  	0.0253026    
  4.22695 	8.27045e-09  	2.6598e-08   	0.0253028    
  4.19576 	8.86318e-09  	2.85043e-08  	0.0253029    
  4.16456 	9.49838e-09  	3.05471e-08  	0.0253031    
  4.13329 	1.01791e-08  	3.27363e-08  	0.0253033    
  4.1021  	1.09086e-08  	3.50824e-08  	0.0253035    
  4.0709  	1.16904e-08  	3.75967e-08  	0.0253038    
  4.0397  	1.25282e-08  	4.02911e-08  	0.025304     
  4.00851 	1.34261e-08  	4.31788e-08  	0.0253043    
  3.97724 	1.43883e-08  	4.62732e-08  	0.0253046    
  3.94605 	1.54195e-08  	4.95896e-08  	0.0253049    
  3.91485 	1.65246e-08  	5.31437e-08  	0.0253052    
  3.88365 	1.77089e-08  	5.69524e-08  	0.0253055    
  3.85239 	1.8978e-08   	6.10339e-08  	0.0253059    
  3.82119 	2.03381e-08  	6.5408e-08   	0.0253063    
  3.79    	2.17957e-08  	7.00957e-08  	0.0253068    
  3.7588  	2.33578e-08  	7.51194e-08  	0.0253072    
  3.72753 	2.50317e-08  	8.05028e-08  	0.0253077    
  3.69634 	2.68257e-08  	8.62723e-08  	0.0253082    
  3.66514 	2.87482e-08  	9.24552e-08  	0.0253088    
  3.63388 	3.08086e-08  	9.90815e-08  	0.0253094    
  3.60268 	3.30165e-08  	1.06182e-07  	0.0253101    
  3.57148 	3.53828e-08  	1.13792e-07  	0.0253108    
  3.54022 	3.79186e-08  	1.21947e-07  	0.0253115    
  3.50902 	4.06361e-08  	1.30687e-07  	0.0253123    
  3.47776 	4.35484e-08  	1.40053e-07  	0.0253132    
  3.44656 	4.66694e-08  	1.5009e-07   	0.0253141    
  3.41536 	5.00141e-08  	1.60847e-07  	0.0253151    
  3.3841  	5.35985e-08  	1.72375e-07  	0.0253162    
  3.3529  	5.74398e-08  	1.84728e-07  	0.0253173    
  3.32164 	6.15563e-08  	1.97967e-07  	0.0253185    
  3.29037 	6.59679e-08  	2.12155e-07  	0.0253198    
  3.25918 	7.06957e-08  	2.2736e-07   	0.0253212    
  3.22791 	7.57623e-08  	2.43654e-07  	0.0253227    
  3.19671 	8.1192e-08   	2.61116e-07  	0.0253243    
  3.16545 	8.70108e-08  	2.7983e-07   	0.025326     
  3.13418 	9.32467e-08  	2.99884e-07  	0.0253279    
  3.10292 	9.99295e-08  	3.21377e-07  	0.0253298    
  3.07172 	1.07091e-07  	3.44408e-07  	0.0253319    
  3.04046 	1.14766e-07  	3.69091e-07  	0.0253342    
  3.00919 	1.22991e-07  	3.95543e-07  	0.0253366    
  2.97793 	1.31806e-07  	4.23892e-07  	0.0253392    
  2.94666 	1.41252e-07  	4.54271e-07  	0.025342     
  2.9154  	1.51375e-07  	4.86827e-07  	0.025345     
  2.88413 	1.62224e-07  	5.21718e-07  	0.0253482    
  2.85287 	1.7385e-07   	5.59107e-07  	0.0253516    
  2.82153 	1.86309e-07  	5.99176e-07  	0.0253553    
  2.79027 	1.99662e-07  	6.4212e-07   	0.0253592    
  2.759   	2.13971e-07  	6.88138e-07  	0.0253634    
  2.72767 	2.29306e-07  	7.37456e-07  	0.0253679    
  2.6964  	2.4574e-07   	7.90308e-07  	0.0253727    
  2.66507 	2.63351e-07  	8.46945e-07  	0.0253779    
  2.63374 	2.82225e-07  	9.07645e-07  	0.0253834    
  2.60247 	3.02451e-07  	9.72692e-07  	0.0253894    
  2.57114 	3.24127e-07  	1.0424e-06   	0.0253957    
  2.5398  	3.47357e-07  	1.11711e-06  	0.0254025    
  2.50847 	3.72251e-07  	1.19717e-06  	0.0254098    
  2.47707 	3.98929e-07  	1.28297e-06  	0.0254176    
  2.44574 	4.2752e-07   	1.37492e-06  	0.025426     
  2.4144  	4.58159e-07  	1.47345e-06  	0.0254349    
  2.383   	4.90994e-07  	1.57905e-06  	0.0254445    
  2.35167 	5.26183e-07  	1.69222e-06  	0.0254548    
  2.32026 	5.63893e-07  	1.8135e-06   	0.0254657    
  2.28886 	6.04306e-07  	1.94347e-06  	0.0254775    
  2.25746 	6.47615e-07  	2.08275e-06  	0.0254901    
  2.22606 	6.94028e-07  	2.23202e-06  	0.0255036    
  2.19466 	7.43767e-07  	2.39198e-06  	0.025518     
  2.16318 	7.97071e-07  	2.56341e-06  	0.0255334    
  2.13178 	8.54196e-07  	2.74712e-06  	0.0255499    
  2.10031 	9.15414e-07  	2.944e-06    	0.0255676    
  2.06891 	9.81019e-07  	3.15499e-06  	0.0255864    
  2.03744 	1.05133e-06  	3.38111e-06  	0.0256067    
  2.00597 	1.12667e-06  	3.62341e-06  	0.0256283    
  1.9745  	1.20742e-06  	3.8831e-06   	0.0256514    
  1.9431  	1.29395e-06  	4.16139e-06  	0.0256761    
  1.91162 	1.38669e-06  	4.45964e-06  	0.0257025    
  1.88015 	1.48607e-06  	4.77925e-06  	0.0257308    
  1.84868 	1.59257e-06  	5.12176e-06  	0.0257609    
  1.81721 	1.70671e-06  	5.48884e-06  	0.0257932    
  1.78574 	1.82902e-06  	5.88219e-06  	0.0258276    
  1.75434 	1.9601e-06   	6.30375e-06  	0.0258644    
  1.72294 	2.10058e-06  	6.75553e-06  	0.0259037    
  1.69153 	2.25112e-06  	7.23968e-06  	0.0259457    
  1.66013 	2.41245e-06  	7.75852e-06  	0.0259905    
  1.6288  	2.58535e-06  	8.31457e-06  	0.0260383    
  1.59747 	2.77064e-06  	8.91047e-06  	0.0260893    
  1.56613 	2.9692e-06   	9.54904e-06  	0.0261436    
  1.53494 	3.182e-06    	1.02334e-05  	0.0262016    
  1.50374 	3.41004e-06  	1.09668e-05  	0.0262634    
  1.47261 	3.65443e-06  	1.17528e-05  	0.0263293    
  1.44155 	3.91634e-06  	1.25951e-05  	0.0263994    
  1.41056 	4.19701e-06  	1.34977e-05  	0.0264741    
  1.37971 	4.4978e-06   	1.44651e-05  	0.0265536    
  1.34892 	4.82015e-06  	1.55018e-05  	0.0266382    
  1.31827 	5.1656e-06   	1.66127e-05  	0.0267281    
  1.28769 	5.5358e-06   	1.78033e-05  	0.0268238    
  1.25732 	5.93254e-06  	1.90792e-05  	0.0269254    
  1.22702 	6.35771e-06  	2.04466e-05  	0.0270333    
  1.19698 	6.81335e-06  	2.1912e-05   	0.027148     
  1.16709 	7.30165e-06  	2.34823e-05  	0.0272696    
  1.1374  	7.82494e-06  	2.51653e-05  	0.0273986    
  1.10792 	8.38574e-06  	2.69688e-05  	0.0275353    
  1.07864 	8.98672e-06  	2.89016e-05  	0.0276803    
  1.04971 	9.63078e-06  	3.09729e-05  	0.0278337    
  1.02098 	1.0321e-05   	3.31927e-05  	0.0279961    
  0.992597	1.10607e-05  	3.55716e-05  	0.028168     
  0.964485	1.18534e-05  	3.81209e-05  	0.0283496    
  0.936717	1.27029e-05  	4.08529e-05  	0.0285416    
  0.909292	1.36133e-05  	4.37808e-05  	0.0287443    
  0.882278	1.45889e-05  	4.69184e-05  	0.0289582    
  0.855606	1.56344e-05  	5.02807e-05  	0.0291839    
  0.829346	1.67549e-05  	5.38843e-05  	0.0294218    
  0.803566	1.79557e-05  	5.77461e-05  	0.0296725    
  0.778198	1.92426e-05  	6.18848e-05  	0.0299365    
  0.753241	2.06216e-05  	6.63197e-05  	0.0302143    
  0.728832	2.20995e-05  	7.10727e-05  	0.0305065    
  0.704903	2.36833e-05  	7.61663e-05  	0.0308136    
  0.681455	2.53807e-05  	8.16252e-05  	0.0311364    
  0.658486	2.71996e-05  	8.74748e-05  	0.0314753    
  0.636134	2.9149e-05   	9.37441e-05  	0.031831     
  0.614262	3.1238e-05   	0.000100462  	0.0322041    
  0.592939	3.34768e-05  	0.000107662  	0.0325954    
  0.572164	3.5876e-05   	0.000115378  	0.0330055    
  0.552006	3.84471e-05  	0.000123647  	0.0334351    
  0.532329	4.12025e-05  	0.000132509  	0.033885     
  0.513268	4.41554e-05  	0.000142005  	0.0343559    
  0.494756	4.73199e-05  	0.000152182  	0.0348487    
  0.476792	5.07113e-05  	0.000163089  	0.0353642    
  0.459445	5.43456e-05  	0.000174777  	0.0359034    
  0.442647	5.82404e-05  	0.000187303  	0.0364672    
  0.426398	6.24144e-05  	0.000200727  	0.0370567    
  0.410765	6.68875e-05  	0.000215112  	0.0376731    
  0.395613	7.16812e-05  	0.000230529  	0.0383176    
  0.381077	7.68184e-05  	0.00024705   	0.0389915    
  0.367021	8.23238e-05  	0.000264756  	0.0396961    
  0.353514	8.82237e-05  	0.00028373   	0.0404328    
  0.340556	9.45465e-05  	0.000304065  	0.041203     
  0.327803	0.000101322  	0.000325855  	0.0419872    
  0.315804	0.000108584  	0.00034921   	0.0428226    
  0.304286	0.000116366  	0.000374237  	0.0436954    
  0.293178	0.000124706  	0.000401059  	0.0446073    
  0.282551	0.000133643  	0.0004298    	0.0455602    
  0.273021	0.000143221  	0.000460603  	0.0466207    
  0.262599	0.000153485  	0.000493613  	0.0475976    
  0.254028	0.000164485  	0.000528989  	0.0487732    
  0.244292	0.000176273  	0.0005669    	0.049826     
  0.235722	0.000188906  	0.000607528  	0.0510185    
  0.228386	0.000202445  	0.00065107   	0.0523848    
  0.21961 	0.000216954  	0.000697731  	0.0535751    
  0.213027	0.000232502  	0.000747734  	0.055078     
  0.204937	0.000249165  	0.000801323  	0.0563839    
  0.198081	0.000267022  	0.000858751  	0.0578928    
  0.191498	0.000286159  	0.000920297  	0.0594773    
  0.185945	0.000306667  	0.000986251  	0.0612672    
  0.179911	0.000328645  	0.00105693   	0.0630063    
  0.173603	0.000352199  	0.00113268   	0.0647365    
  0.16853 	0.00037744   	0.00121386   	0.066753     
  0.16325 	0.00040449   	0.00130085   	0.0687756    
  0.158245	0.000433479  	0.00139408   	0.0709108    
  0.153446	0.000464545  	0.00149399   	0.0731725    
  0.149057	0.000497838  	0.00160106   	0.0755801    
  0.144875	0.000533517  	0.00171581   	0.078135     
  0.140967	0.000571753  	0.00183878   	0.0808426    
  0.137333	0.000612729  	0.00197056   	0.0837153    
  0.133905	0.000656642  	0.00211178   	0.0867667    
  0.130751	0.000703702  	0.00226313   	0.0900117    
  0.127803	0.000754135  	0.00242532   	0.0934664    
  0.125197	0.000808182  	0.00259914   	0.0971492    
  0.122798	0.000866103  	0.00278542   	0.101079     
  0.120741	0.000928174  	0.00298504   	0.105279     
  0.118958	0.000994694  	0.00319897   	0.109771     
  0.11745 	0.00106598   	0.00342823   	0.114581     
  0.116353	0.00114238   	0.00367393   	0.119738     
  0.115598	0.00122425   	0.00393723   	0.125271     
  0.115187	0.00131199   	0.0042194    	0.131214     
  0.115187	0.00140602   	0.00452181   	0.137603     
  0.115461	0.00150678   	0.00484585   	0.144476     
  0.115941	0.00161477   	0.00519315   	0.151876     
  0.116558	0.0017305    	0.00556534   	0.159846     
  0.117175	0.00185452   	0.0059642    	0.168436     
  0.117792	0.00198743   	0.00639164   	0.177696     
  0.118478	0.00212986   	0.0068497    	0.187681     
  0.119164	0.0022825    	0.00734059   	0.19845      
  0.119849	0.00244608   	0.00786667   	0.210064     
  0.120604	0.00262139   	0.00843048   	0.222589     
  0.121358	0.00280926   	0.00903467   	0.236096     
  0.122249	0.00301059   	0.00968216   	0.250659     
  0.123003	0.00322635   	0.010376     	0.266356     
  0.123757	0.00345758   	0.0111197    	0.28327      
  0.124443	0.00370537   	0.0119166    	0.301491     
  0.125197	0.00397093   	0.0127706    	0.321112     
  0.125883	0.00425551   	0.0136859    	0.342234     
  0.1265  	0.0045605    	0.0146667    	0.364963     
  0.127049	0.00488734   	0.0157178    	0.389414     
  0.127666	0.0052376    	0.0168443    	0.415707     
  0.128214	0.00561297   	0.0180515    	0.443973     
  0.128694	0.00601524   	0.0193452    	0.47435      
  0.129105	0.00644633   	0.0207316    	0.506987     
  0.129448	0.00690833   	0.0222174    	0.542042     
  0.12986 	0.00740343   	0.0238097    	0.579685     
  0.130134	0.00793402   	0.0255161    	0.620098     
  0.130477	0.00850263   	0.0273447    	0.663477     
  0.130751	0.00911199   	0.0293045    	0.71003      
  0.130957	0.00976503   	0.0314047    	0.759981     
  0.131231	0.0104649    	0.0336555    	0.813571     
  0.131368	0.0112149    	0.0360675    	0.871058     
  0.131574	0.0120186    	0.0386522    	0.932716     
  0.131711	0.0128799    	0.0414222    	0.998843     
  0.131848	0.013803     	0.0443909    	1.06976      
  0.131985	0.0147923    	0.0475725    	1.14579      
  0.132054	0.0158524    	0.0509818    	1.22732      
  0.132191	0.0169885    	0.0546356    	1.31473      
  0.132259	0.018206     	0.0585511    	1.40844      
  0.132328	0.0195108    	0.0627474    	1.5089       
  0.132396	0.0209091    	0.0672444    	1.61659      
  0.132465	0.0224076    	0.0720636    	1.73203      
  0.132534	0.0240135    	0.0772282    	1.85577      
  0.132534	0.0257345    	0.082763     	1.98841      
  0.132602	0.0275788    	0.0886943    	2.13057      
  0.132602	0.0295553    	0.0950508    	2.28294      
  0.132671	0.0316735    	0.101863     	2.44626      
  0.132671	0.0339434    	0.109163     	2.6213       
  0.132739	0.0363761    	0.116987     	2.8089       
  0.132739	0.0389831    	0.125371     	3.00997      
  0.132739	0.0417769    	0.134356     	3.22546      
  0.132739	0.0447709    	0.143985     	3.45641      
  0.132808	0.0479796    	0.154304     	3.70393      
  0.132808	0.0514181    	0.165362     	3.9692       
  0.132808	0.0551032    	0.177214     	4.25349      
  0.132808	0.0590523    	0.189914     	4.55817      
  0.132808	0.0632844    	0.203525     	4.88469      
  0.132808	0.0678199    	0.218111     	5.23463      
  0.132808	0.0726804    	0.233743     	5.60965      
  0.132808	0.0778892    	0.250494     	6.01156      
  0.132876	0.0834713    	0.268446     	6.44228      
  0.132876	0.0894535    	0.287685     	6.90388      
  0.132876	0.0958644    	0.308303     	7.39857      
  0.132876	0.102735     	0.330399     	7.92871      
  0.132876	0.110098     	0.354079     	8.49686      
  0.132876	0.117988     	0.379453     	9.10573      
  0.132876	0.126444     	0.406648     	9.75824      
  0.132876	0.135506     	0.435792     	10.4575      
  0.132876	0.145217     	0.467023     	11.2069      
  0.132876	0.155625     	0.500495     	12.01        
  0.132876	0.166778     	0.536364     	12.8707      
  0.132876	0.17873      	0.574802     	13.7931      
  0.132876	0.19154      	0.615999     	14.7815      
  0.132876	0.205267     	0.660145     	15.8408      
  0.132876	0.219978     	0.707456     	16.9761      
  0.132876	0.235743     	0.758157     	18.1927      
  0.132876	0.252638     	0.812492     	19.4965      
  0.132876	0.270744     	0.870722     	20.8937      
  0.132876	0.290148     	0.933125     	22.3911      
  0.132876	0.310942     	1            	23.9958      
